0 70206
1 70207
2 70208
3 70209
4 70210
5 70218
6 70219
7 70859
8 70861
9 70862
10 70863
11 70864
12 70865
13 70866
14 70867
15 70868
16 70869
17 70870
18 70871
19 70872
20 70873
21 70874
22 70875
23 70876
24 71309
25 71310
26 71311
27 71312
28 71313
29 71314
30 71315
31 71316
32 71317
33 71318
34 71319
35 71320
36 71321
37 71322
38 71323
39 71324
40 71326
41 71327
42 71328
43 71329
44 71330
45 71331
46 71332
47 71333
48 71334
49 71335
50 71336
51 71337
52 71338
53 71339
54 71340
55 71341
56 71343
57 71345
58 71946
59 71947
60 71948
61 71949
62 71950
63 71951
64 71952
65 71953
66 71954
67 71955
68 71956
69 71957
70 71958
71 71959
72 71960
73 71961
74 71962
75 71963
76 71964
77 71965
78 71966
79 71968
80 71969
81 71970
82 71971
83 71972
84 71973
85 71974
86 71975
87 71976
88 71977
89 71978
90 71979
91 71980
92 71981
93 71982
94 71983
95 71984
96 72415
97 72416
98 72417
99 72418
100 72419
101 72420
102 72421
103 72422
104 72423
105 72424
106 72425
107 72426
108 72427
109 72428
110 72429
111 72430
112 72431
113 72432
114 72434
115 72435
116 72436
117 72437
118 72438
119 72439
120 72440
121 72441
122 72442
123 72443
124 72444
125 72445
126 72446
127 72447
128 72448
129 72449
130 72450
131 72451
132 72452
133 72453
134 72454
135 73065
136 73066
137 73067
138 73068
139 73069
140 73070
141 73071
142 73072
143 73073
144 73074
145 73075
146 73076
147 73077
148 73078
149 73079
150 73080
151 73081
152 73082
153 73083
154 73084
155 73085
156 73086
157 73087
158 73088
159 73089
160 73090
161 73091
162 73092
163 73093
164 73094
165 73095
166 73096
167 73097
168 73098
169 73099
170 73100
171 73101
172 73102
173 73103
174 73544
175 73545
176 73546
177 73547
178 73548
179 73549
180 73550
181 73551
182 73552
183 73553
184 73554
185 73555
186 73556
187 73557
188 73558
189 73559
190 73560
191 73561
192 73562
193 73563
194 73564
195 73565
196 73566
197 73567
198 73568
199 73569
200 73570
201 73571
202 73572
203 73573
204 73574
205 73575
206 73576
207 73577
208 73578
209 73579
210 73580
211 73581
212 73582
213 73583
214 73584
215 74202
216 74203
217 74204
218 74205
219 74206
220 74207
221 74208
222 74209
223 74210
224 74211
225 74212
226 74213
227 74214
228 74215
229 74216
230 74217
231 74218
232 74219
233 74220
234 74221
235 74222
236 74223
237 74224
238 74225
239 74226
240 74227
241 74228
242 74229
243 74230
244 74231
245 74232
246 74233
247 74234
248 74235
249 74236
250 74237
251 74238
252 74239
253 74240
254 74241
255 74677
256 74678
257 74679
258 74680
259 74681
260 74682
261 74683
262 74684
263 74685
264 74686
265 74687
266 74688
267 74689
268 74690
269 74691
270 74692
271 74693
272 74694
273 74695
274 74696
275 74697
276 74698
277 74699
278 74700
279 74701
280 74702
281 74703
282 74704
283 74705
284 74706
285 74707
286 74708
287 74709
288 74710
289 74711
290 74712
291 74713
292 74714
293 74715
294 74716
295 75308
296 75309
297 75310
298 75311
299 75312
300 75313
301 75314
302 75315
303 75316
304 75317
305 75318
306 75319
307 75320
308 75321
309 75322
310 75323
311 75324
312 75325
313 75326
314 75327
315 75328
316 75329
317 75330
318 75331
319 75332
320 75333
321 75334
322 75335
323 75336
324 75337
325 75338
326 75339
327 75340
328 75341
329 75342
330 75343
331 75344
332 75345
333 75346
334 75796
335 75797
336 75798
337 75799
338 75800
339 75801
340 75802
341 75803
342 75804
343 75805
344 75806
345 75807
346 75808
347 75809
348 75810
349 75811
350 75812
351 75813
352 75814
353 75815
354 75816
355 75817
356 75818
357 75819
358 75820
359 75821
360 75822
361 75823
362 75824
363 75825
364 75826
365 75827
366 75828
367 75829
368 75830
369 75831
370 75832
371 75833
372 75834
373 75835
374 76436
375 76437
376 76438
377 76439
378 76440
379 76441
380 76442
381 76443
382 76444
383 76445
384 76446
385 76447
386 76448
387 76449
388 76450
389 76451
390 76452
391 76453
392 76454
393 76455
394 76456
395 76457
396 76458
397 76459
398 76460
399 76461
400 76462
401 76463
402 76464
403 76465
404 76466
405 76467
406 76468
407 76469
408 76470
409 76471
410 76472
411 76904
412 76905
413 76906
414 76907
415 76908
416 76909
417 76910
418 76911
419 76912
420 76913
421 76914
422 76915
423 76916
424 76917
425 76918
426 76919
427 76920
428 76921
429 76922
430 76923
431 76924
432 76925
433 76926
434 76927
435 76928
436 76929
437 76930
438 76931
439 76932
440 76933
441 76934
442 76935
443 76936
444 76937
445 76938
446 76939
447 77544
448 77545
449 77546
450 77547
451 77548
452 77549
453 77550
454 77551
455 77552
456 77553
457 77554
458 77555
459 77556
460 77557
461 77558
462 77559
463 77560
464 77561
465 77562
466 77563
467 77564
468 77565
469 77566
470 77567
471 77568
472 77569
473 77570
474 77571
475 77572
476 77573
477 77574
478 77575
479 77576
480 77577
481 77578
482 77579
483 77580
484 77581
485 78010
486 78011
487 78012
488 78013
489 78014
490 78015
491 78016
492 78017
493 78018
494 78019
495 78020
496 78021
497 78022
498 78023
499 78024
500 78025
501 78026
502 78027
503 78028
504 78029
505 78030
506 78031
507 78032
508 78033
509 78034
510 78035
511 78036
512 78037
513 78038
514 78039
515 78040
516 78041
517 78042
518 78043
519 78044
520 78045
521 78046
522 78650
523 78651
524 78652
525 78653
526 78654
527 78655
528 78656
529 78657
530 78658
531 78659
532 78660
533 78661
534 78662
535 78663
536 78664
537 78665
538 78666
539 78667
540 78668
541 78669
542 78670
543 78671
544 78672
545 78673
546 78674
547 78675
548 78676
549 78677
550 78678
551 78679
552 78680
553 78681
554 78682
555 78683
556 78684
557 78685
558 78686
559 79130
560 79131
561 79132
562 79133
563 79134
564 79135
565 79136
566 79137
567 79138
568 79139
569 79140
570 79141
571 79142
572 79143
573 79144
574 79145
575 79146
576 79147
577 79148
578 79149
579 79150
580 79151
581 79152
582 79153
583 79154
584 79155
585 79156
586 79157
587 79158
588 79159
589 79160
590 79161
591 79162
592 79163
593 79164
594 79165
595 79166
596 79167
597 79168
598 79169
599 79170
600 79171
601 79774
602 79775
603 79776
604 79777
605 79778
606 79779
607 79780
608 79781
609 79782
610 79783
611 79784
612 79785
613 79786
614 79787
615 79788
616 79789
617 79790
618 79791
619 79792
620 79793
621 79794
622 79795
623 79796
624 79797
625 79798
626 79799
627 79800
628 79801
629 79802
630 79803
631 79804
632 79805
633 79806
634 79807
635 79808
636 79809
637 79810
638 79811
639 79812
640 79813
641 80242
642 80243
643 80244
644 80245
645 80246
646 80247
647 80248
648 80249
649 80250
650 80251
651 80252
652 80253
653 80254
654 80255
655 80256
656 80257
657 80258
658 80259
659 80260
660 80261
661 80262
662 80263
663 80264
664 80265
665 80266
666 80267
667 80268
668 80269
669 80270
670 80271
671 80272
672 80273
673 80274
674 80275
675 80277
676 80278
677 80279
678 80280
679 80281
680 80282
681 80886
682 80887
683 80888
684 80889
685 80891
686 80892
687 80893
688 80894
689 80895
690 80896
691 80897
692 80898
693 80899
694 80900
695 80901
696 80902
697 80903
698 80904
699 80905
700 80906
701 80907
702 80908
703 80909
704 80910
705 80911
706 80912
707 80913
708 80914
709 80915
710 80916
711 80917
712 80918
713 80919
714 80920
715 80921
716 80923
717 80924
718 80925
719 81347
720 81348
721 81349
722 81350
723 81351
724 81352
725 81353
726 81354
727 81355
728 81356
729 81357
730 81358
731 81359
732 81360
733 81361
734 81362
735 81363
736 81364
737 81365
738 81366
739 81367
740 81368
741 81369
742 81370
743 81371
744 81372
745 81373
746 81374
747 81375
748 81376
749 81377
750 81378
751 81379
752 81380
753 81381
754 81382
755 81383
756 81384
757 81385
758 81386
759 81994
760 81995
761 81996
762 81997
763 81998
764 81999
765 82000
766 82001
767 82002
768 82003
769 82004
770 82005
771 82006
772 82007
773 82008
774 82009
775 82010
776 82011
777 82012
778 82013
779 82014
780 82015
781 82016
782 82017
783 82018
784 82019
785 82020
786 82021
787 82022
788 82023
789 82024
790 82025
791 82026
792 82027
793 82028
794 82029
795 82030
796 82031
797 82456
798 82457
799 82458
800 82459
801 82460
802 82461
803 82462
804 82463
805 82464
806 82465
807 82466
808 82467
809 82468
810 82469
811 82470
812 82471
813 82472
814 82473
815 82474
816 82475
817 82476
818 82477
819 82478
820 82479
821 82480
822 82481
823 82482
824 82483
825 82484
826 82485
827 82486
828 82487
829 82488
830 82489
831 82490
832 82491
833 82492
834 82493
835 83086
836 83087
837 83088
838 83089
839 83090
840 83091
841 83092
842 83093
843 83094
844 83095
845 83096
846 83097
847 83098
848 83099
849 83100
850 83101
851 83102
852 83103
853 83104
854 83105
855 83106
856 83107
857 83108
858 83109
859 83110
860 83111
861 83112
862 83113
863 83114
864 83115
865 83116
866 83117
867 83118
868 83119
869 83120
870 83121
871 83122
872 83123
873 83551
874 83552
875 83553
876 83554
877 83555
878 83556
879 83557
880 83558
881 83559
882 83560
883 83561
884 83562
885 83563
886 83564
887 83565
888 83566
889 83567
890 83568
891 83569
892 83570
893 83571
894 83572
895 83573
896 83574
897 83575
898 83576
899 83577
900 83578
901 83579
902 83580
903 83581
904 83582
905 83583
906 83584
907 83585
908 83586
909 83587
910 83588
911 83589
912 84183
913 84184
914 84185
915 84186
916 84187
917 84190
918 84191
919 84192
920 84193
921 84194
922 84195
923 84196
924 84197
925 84198
926 84199
927 84200
928 84201
929 84202
930 84203
931 84204
932 84205
933 84206
934 84207
935 84208
936 84209
937 84210
938 84211
939 84212
940 84213
941 84214
942 84215
943 84216
944 84217
945 84218
946 84219
947 84220
948 84656
949 84657
950 84658
951 84659
952 84660
953 84661
954 84662
955 84663
956 84664
957 84665
958 84666
959 84667
960 84668
961 84669
962 84670
963 84671
964 84672
965 84673
966 84674
967 84675
968 84676
969 84677
970 84678
971 84679
972 84680
973 84681
974 84682
975 84683
976 84684
977 84685
978 84686
979 84689
980 84690
981 84691
982 84692
983 84693
984 85306
985 85307
986 85308
987 85309
988 85310
989 85311
990 85312
991 85313
992 85314
993 85315
994 85316
995 85317
996 85318
997 85319
998 85320
999 85321
1000 85322
1001 85323
1002 85324
1003 85325
1004 85326
1005 85327
1006 85328
1007 85329
1008 85330
1009 85331
1010 85332
1011 85333
1012 85334
1013 85335
1014 85336
1015 85337
1016 85338
1017 85339
1018 85340
1019 85341
1020 85342
1021 85343
1022 85344
1023 85766
1024 85767
1025 85768
1026 85769
1027 85770
1028 85771
1029 85772
1030 85773
1031 85774
1032 85775
1033 85776
1034 85777
1035 85778
1036 85779
1037 85780
1038 85781
1039 85782
1040 85783
1041 85784
1042 85785
1043 85786
1044 85787
1045 85788
1046 85789
1047 85790
1048 85791
1049 85792
1050 85793
1051 85794
1052 85795
1053 85796
1054 85797
1055 85798
1056 85799
1057 85800
1058 85801
1059 85802
1060 86407
1061 86408
1062 86409
1063 86410
1064 86411
1065 86412
1066 86413
1067 86414
1068 86415
1069 86416
1070 86417
1071 86418
1072 86419
1073 86420
1074 86421
1075 86422
1076 86423
1077 86424
1078 86425
1079 86426
1080 86427
1081 86428
1082 86429
1083 86430
1084 86431
1085 86432
1086 86433
1087 86434
1088 86435
1089 86436
1090 86437
1091 86438
1092 86439
1093 86440
1094 86441
1095 86876
1096 86878
1097 86879
1098 86880
1099 86881
1100 86882
1101 86883
1102 86884
1103 86885
1104 86886
1105 86887
1106 86888
1107 86889
1108 86890
1109 86891
1110 86892
1111 86893
1112 86894
1113 86895
1114 86896
1115 86897
1116 86898
1117 86899
1118 86900
1119 86901
1120 86902
1121 86903
1122 86904
1123 86905
1124 86906
1125 86907
1126 86908
1127 86909
1128 86910
1129 86911
1130 86912
1131 86913
1132 87514
1133 87515
1134 87516
1135 87517
1136 87518
1137 87519
1138 87520
1139 87521
1140 87522
1141 87523
1142 87524
1143 87525
1144 87526
1145 87527
1146 87528
1147 87529
1148 87530
1149 87531
1150 87532
1151 87533
1152 87534
1153 87535
1154 87536
1155 87537
1156 87538
1157 87539
1158 87540
1159 87541
1160 87542
1161 87543
1162 87544
1163 87545
1164 87546
1165 87986
1166 87987
1167 87988
1168 87989
1169 87990
1170 87991
1171 87992
1172 87993
1173 87994
1174 87995
1175 87996
1176 87997
1177 87998
1178 87999
1179 88000
1180 88001
1181 88003
1182 88004
1183 88005
1184 88006
1185 88007
1186 88008
1187 88009
1188 88010
1189 88011
1190 88012
1191 88013
1192 88014
1193 88015
1194 88016
1195 88017
1196 88018
1197 88019
1198 88020
1199 88632
1200 88633
1201 88634
1202 88635
1203 88636
1204 88637
1205 88638
1206 88639
1207 88640
1208 88641
1209 88642
1210 88643
1211 88644
1212 88645
1213 88646
1214 88647
1215 88648
1216 88649
1217 88651
1218 88652
1219 88653
1220 88654
1221 88655
1222 88656
1223 88657
1224 89148
1225 89150
1226 89151
1227 89152
1228 89153
1229 89154
1230 89155
1231 89156
1232 89157
1233 89158
1234 89159
1235 89160
1236 89161
1237 89162
1238 89163
1239 89164
1240 89165
1241 89166
1242 220744
1243 220745
1244 220746
1245 220747
1246 220748
1247 220749
1248 220750
1249 221213
1250 221214
1251 221215
1252 221216
1253 221217
1254 221218
1255 221219
1256 221220
1257 221221
1258 221222
1259 221223
1260 221224
1261 221225
1262 221226
1263 221227
1264 221228
1265 221229
1266 221230
1267 221231
1268 221232
1269 221233
1270 221234
1271 221235
1272 221236
1273 221237
1274 221238
1275 221239
1276 221240
1277 221241
1278 221242
1279 221243
1280 221244
1281 221245
1282 221246
1283 221247
1284 221248
1285 221249
1286 221250
1287 221251
1288 221252
1289 221256
1290 221257
1291 221258
1292 221259
1293 221260
1294 221261
1295 221262
1296 221263
1297 221264
1298 221265
1299 221266
1300 221267
1301 221268
1302 221269
1303 221270
1304 221271
1305 221272
1306 221273
1307 221274
1308 221275
1309 221276
1310 221277
1311 221278
1312 221279
1313 221280
1314 221281
1315 221282
1316 221283
1317 221661
1318 221662
1319 221663
1320 221664
1321 221665
1322 221666
1323 221667
1324 221668
1325 221669
1326 221670
1327 221671
1328 221672
1329 221673
1330 221674
1331 221675
1332 221676
1333 221677
1334 221678
1335 221679
1336 221680
1337 221681
1338 221682
1339 221683
1340 221684
1341 221685
1342 221686
1343 221687
1344 221688
1345 221691
1346 221692
1347 221693
1348 221694
1349 221695
1350 221696
1351 221697
1352 221698
1353 221699
1354 221700
1355 221701
1356 221702
1357 221703
1358 221704
1359 221705
1360 221706
1361 221707
1362 221708
1363 221709
1364 221710
1365 221711
1366 221712
1367 221713
1368 221714
1369 221715
1370 221716
1371 221717
1372 221718
1373 221719
1374 221720
1375 221721
1376 221722
1377 221723
1378 221724
1379 221725
1380 221726
1381 221727
1382 221728
1383 222210
1384 222211
1385 222212
1386 222213
1387 222214
1388 222215
1389 222216
1390 222217
1391 222218
1392 222219
1393 222220
1394 222221
1395 222222
1396 222223
1397 222224
1398 222225
1399 222226
1400 222227
1401 222228
1402 222229
1403 222230
1404 222231
1405 222232
1406 222233
1407 222234
1408 222235
1409 222236
1410 222237
1411 222238
1412 222239
1413 222240
1414 222241
1415 222242
1416 222243
1417 222244
1418 222245
1419 222246
1420 222247
1421 222248
1422 222249
1423 222252
1424 222253
1425 222254
1426 222255
1427 222256
1428 222257
1429 222258
1430 222259
1431 222260
1432 222261
1433 222262
1434 222263
1435 222264
1436 222265
1437 222266
1438 222267
1439 222268
1440 222269
1441 222270
1442 222271
1443 222272
1444 222273
1445 222274
1446 222275
1447 222276
1448 222277
1449 222278
1450 222279
1451 222280
1452 222678
1453 222679
1454 222680
1455 222681
1456 222682
1457 222683
1458 222684
1459 222685
1460 222686
1461 222687
1462 222688
1463 222689
1464 222690
1465 222691
1466 222692
1467 222693
1468 222694
1469 222695
1470 222696
1471 222697
1472 222698
1473 222699
1474 222700
1475 222701
1476 222702
1477 222703
1478 222704
1479 222705
1480 222708
1481 222709
1482 222710
1483 222711
1484 222712
1485 222713
1486 222714
1487 222715
1488 222716
1489 222717
1490 222718
1491 222719
1492 222720
1493 222721
1494 222722
1495 222723
1496 222724
1497 222725
1498 222726
1499 222727
1500 222728
1501 222729
1502 222730
1503 222731
1504 222732
1505 222733
1506 222734
1507 222735
1508 222736
1509 222737
1510 222738
1511 222739
1512 222740
1513 222741
1514 222742
1515 222743
1516 222744
1517 222745
1518 222746
1519 223237
1520 223238
1521 223239
1522 223240
1523 223241
1524 223242
1525 223243
1526 223244
1527 223245
1528 223246
1529 223247
1530 223248
1531 223249
1532 223250
1533 223251
1534 223252
1535 223253
1536 223254
1537 223255
1538 223256
1539 223257
1540 223258
1541 223259
1542 223260
1543 223261
1544 223262
1545 223263
1546 223264
1547 223265
1548 223266
1549 223267
1550 223268
1551 223269
1552 223270
1553 223271
1554 223272
1555 223273
1556 223274
1557 223275
1558 223276
1559 223277
1560 223278
1561 223279
1562 223280
1563 223281
1564 223282
1565 223283
1566 223284
1567 223285
1568 223286
1569 223287
1570 223288
1571 223289
1572 223290
1573 223291
1574 223292
1575 223293
1576 223294
1577 223295
1578 223296
1579 223297
1580 223298
1581 223299
1582 223300
1583 223301
1584 223302
1585 223303
1586 223304
1587 223305
1588 223306
1589 223688
1590 223691
1591 223692
1592 223693
1593 223694
1594 223695
1595 223696
1596 223697
1597 223698
1598 223699
1599 223700
1600 223701
1601 223702
1602 223703
1603 223704
1604 223705
1605 223706
1606 223707
1607 223708
1608 223709
1609 223710
1610 223711
1611 223712
1612 223713
1613 223714
1614 223715
1615 223716
1616 223717
1617 223718
1618 223719
1619 223720
1620 223721
1621 223722
1622 223723
1623 223724
1624 223725
1625 223726
1626 223727
1627 223728
1628 223729
1629 223730
1630 223731
1631 223732
1632 223733
1633 223734
1634 223735
1635 223736
1636 223737
1637 223738
1638 223739
1639 223740
1640 223741
1641 223742
1642 223743
1643 223744
1644 223745
1645 223746
1646 223747
1647 223748
1648 223749
1649 223750
1650 223751
1651 223752
1652 223753
1653 223754
1654 223755
1655 223756
1656 223757
1657 223758
1658 224258
1659 224259
1660 224260
1661 224261
1662 224262
1663 224263
1664 224264
1665 224265
1666 224266
1667 224267
1668 224268
1669 224269
1670 224270
1671 224271
1672 224272
1673 224273
1674 224274
1675 224275
1676 224276
1677 224277
1678 224278
1679 224279
1680 224280
1681 224281
1682 224282
1683 224283
1684 224284
1685 224285
1686 224286
1687 224287
1688 224288
1689 224289
1690 224290
1691 224291
1692 224292
1693 224293
1694 224294
1695 224295
1696 224296
1697 224297
1698 224298
1699 224299
1700 224300
1701 224301
1702 224302
1703 224303
1704 224304
1705 224305
1706 224306
1707 224307
1708 224308
1709 224309
1710 224310
1711 224311
1712 224312
1713 224313
1714 224314
1715 224315
1716 224316
1717 224317
1718 224318
1719 224319
1720 224320
1721 224321
1722 224322
1723 224323
1724 224324
1725 224747
1726 224748
1727 224749
1728 224750
1729 224751
1730 224752
1731 224753
1732 224754
1733 224755
1734 224756
1735 224757
1736 224758
1737 224759
1738 224760
1739 224761
1740 224762
1741 224763
1742 224764
1743 224765
1744 224766
1745 224767
1746 224768
1747 224769
1748 224770
1749 224771
1750 224772
1751 224773
1752 224774
1753 224775
1754 224776
1755 224777
1756 224778
1757 224779
1758 224780
1759 224781
1760 224782
1761 224783
1762 224784
1763 224785
1764 224786
1765 224787
1766 224788
1767 224789
1768 224790
1769 224791
1770 224792
1771 224793
1772 224794
1773 224795
1774 224796
1775 224797
1776 224798
1777 224799
1778 224800
1779 224801
1780 224802
1781 224803
1782 224804
1783 224805
1784 224806
1785 224807
1786 224808
1787 224809
1788 224810
1789 224811
1790 224812
1791 225296
1792 225297
1793 225298
1794 225299
1795 225300
1796 225301
1797 225302
1798 225303
1799 225304
1800 225305
1801 225306
1802 225307
1803 225308
1804 225309
1805 225310
1806 225311
1807 225312
1808 225313
1809 225314
1810 225315
1811 225316
1812 225317
1813 225318
1814 225319
1815 225320
1816 225321
1817 225322
1818 225323
1819 225324
1820 225325
1821 225326
1822 225327
1823 225328
1824 225329
1825 225330
1826 225331
1827 225332
1828 225333
1829 225334
1830 225335
1831 225336
1832 225337
1833 225338
1834 225339
1835 225340
1836 225341
1837 225342
1838 225343
1839 225344
1840 225345
1841 225346
1842 225347
1843 225348
1844 225349
1845 225350
1846 225351
1847 225352
1848 225353
1849 225354
1850 225355
1851 225356
1852 225357
1853 225358
1854 225359
1855 225360
1856 225361
1857 225362
1858 225363
1859 225797
1860 225798
1861 225799
1862 225800
1863 225801
1864 225802
1865 225803
1866 225804
1867 225805
1868 225806
1869 225807
1870 225808
1871 225809
1872 225810
1873 225811
1874 225812
1875 225813
1876 225814
1877 225815
1878 225816
1879 225817
1880 225818
1881 225819
1882 225820
1883 225821
1884 225822
1885 225823
1886 225824
1887 225825
1888 225826
1889 225827
1890 225828
1891 225829
1892 225830
1893 225831
1894 225832
1895 225833
1896 225834
1897 225835
1898 225836
1899 225837
1900 225838
1901 225839
1902 225840
1903 225841
1904 225842
1905 225843
1906 225844
1907 225845
1908 225846
1909 225847
1910 225848
1911 225849
1912 225850
1913 225851
1914 225852
1915 225853
1916 225854
1917 225855
1918 225856
1919 225857
1920 225858
1921 225859
1922 225860
1923 226337
1924 226338
1925 226339
1926 226340
1927 226341
1928 226342
1929 226343
1930 226344
1931 226345
1932 226346
1933 226347
1934 226348
1935 226349
1936 226350
1937 226351
1938 226352
1939 226353
1940 226354
1941 226355
1942 226356
1943 226357
1944 226358
1945 226359
1946 226360
1947 226361
1948 226362
1949 226363
1950 226364
1951 226365
1952 226366
1953 226367
1954 226368
1955 226369
1956 226370
1957 226371
1958 226372
1959 226373
1960 226374
1961 226375
1962 226376
1963 226377
1964 226378
1965 226379
1966 226380
1967 226381
1968 226382
1969 226383
1970 226384
1971 226385
1972 226386
1973 226387
1974 226388
1975 226389
1976 226390
1977 226391
1978 226392
1979 226393
1980 226394
1981 226395
1982 226396
1983 226397
1984 226398
1985 226399
1986 226400
1987 226401
1988 226402
1989 226403
1990 226404
1991 226405
1992 226831
1993 226832
1994 226833
1995 226834
1996 226835
1997 226836
1998 226837
1999 226838
2000 226839
2001 226840
2002 226841
2003 226842
2004 226843
2005 226844
2006 226845
2007 226846
2008 226847
2009 226848
2010 226849
2011 226850
2012 226851
2013 226852
2014 226853
2015 226854
2016 226855
2017 226856
2018 226857
2019 226858
2020 226859
2021 226860
2022 226861
2023 226862
2024 226863
2025 226864
2026 226865
2027 226866
2028 226867
2029 226868
2030 226869
2031 226870
2032 226871
2033 226872
2034 226873
2035 226874
2036 226875
2037 226876
2038 226877
2039 226878
2040 226879
2041 226880
2042 226881
2043 226882
2044 226883
2045 226884
2046 226885
2047 226886
2048 226887
2049 226888
2050 226889
2051 226890
2052 226891
2053 226892
2054 226893
2055 226894
2056 226895
2057 226896
2058 226897
2059 227384
2060 227385
2061 227386
2062 227387
2063 227388
2064 227389
2065 227390
2066 227391
2067 227392
2068 227393
2069 227394
2070 227395
2071 227396
2072 227397
2073 227398
2074 227399
2075 227400
2076 227401
2077 227402
2078 227403
2079 227404
2080 227405
2081 227406
2082 227407
2083 227408
2084 227409
2085 227410
2086 227411
2087 227412
2088 227413
2089 227414
2090 227415
2091 227416
2092 227417
2093 227418
2094 227419
2095 227420
2096 227421
2097 227422
2098 227423
2099 227424
2100 227425
2101 227426
2102 227427
2103 227428
2104 227429
2105 227430
2106 227431
2107 227432
2108 227433
2109 227434
2110 227435
2111 227436
2112 227437
2113 227438
2114 227439
2115 227440
2116 227441
2117 227442
2118 227443
2119 227444
2120 227445
2121 227446
2122 227447
2123 227448
2124 227449
2125 227450
2126 227877
2127 227879
2128 227880
2129 227881
2130 227882
2131 227883
2132 227884
2133 227885
2134 227886
2135 227887
2136 227888
2137 227889
2138 227890
2139 227891
2140 227892
2141 227893
2142 227894
2143 227895
2144 227896
2145 227897
2146 227898
2147 227899
2148 227900
2149 227901
2150 227902
2151 227903
2152 227904
2153 227905
2154 227906
2155 227907
2156 227908
2157 227909
2158 227910
2159 227911
2160 227912
2161 227913
2162 227914
2163 227915
2164 227916
2165 227917
2166 227918
2167 227919
2168 227920
2169 227921
2170 227922
2171 227923
2172 227924
2173 227925
2174 227926
2175 227927
2176 227928
2177 227929
2178 227930
2179 227931
2180 227932
2181 227933
2182 227934
2183 227935
2184 227936
2185 227937
2186 227938
2187 227939
2188 227940
2189 227941
2190 227942
2191 228418
2192 228419
2193 228420
2194 228421
2195 228422
2196 228423
2197 228424
2198 228425
2199 228426
2200 228427
2201 228428
2202 228429
2203 228430
2204 228431
2205 228432
2206 228433
2207 228434
2208 228435
2209 228436
2210 228437
2211 228438
2212 228439
2213 228440
2214 228441
2215 228442
2216 228443
2217 228444
2218 228445
2219 228446
2220 228447
2221 228448
2222 228449
2223 228450
2224 228451
2225 228452
2226 228453
2227 228454
2228 228455
2229 228456
2230 228457
2231 228458
2232 228459
2233 228460
2234 228461
2235 228462
2236 228463
2237 228464
2238 228465
2239 228466
2240 228467
2241 228468
2242 228469
2243 228470
2244 228471
2245 228472
2246 228473
2247 228474
2248 228475
2249 228476
2250 228477
2251 228478
2252 228479
2253 228480
2254 228481
2255 228482
2256 228483
2257 228484
2258 228485
2259 228915
2260 228916
2261 228917
2262 228918
2263 228919
2264 228920
2265 228921
2266 228922
2267 228923
2268 228924
2269 228925
2270 228926
2271 228927
2272 228928
2273 228929
2274 228930
2275 228931
2276 228932
2277 228933
2278 228934
2279 228935
2280 228936
2281 228937
2282 228938
2283 228939
2284 228940
2285 228941
2286 228942
2287 228943
2288 228944
2289 228945
2290 228946
2291 228947
2292 228948
2293 228949
2294 228950
2295 228951
2296 228952
2297 228953
2298 228954
2299 228955
2300 228956
2301 228957
2302 228958
2303 228959
2304 228960
2305 228961
2306 228962
2307 228963
2308 228964
2309 228965
2310 228966
2311 228967
2312 228968
2313 228969
2314 228970
2315 228971
2316 228972
2317 228973
2318 228974
2319 228975
2320 228976
2321 228977
2322 228978
2323 228979
2324 228980
2325 228981
2326 229475
2327 229476
2328 229477
2329 229478
2330 229479
2331 229480
2332 229481
2333 229482
2334 229483
2335 229484
2336 229485
2337 229486
2338 229487
2339 229488
2340 229489
2341 229490
2342 229491
2343 229492
2344 229493
2345 229494
2346 229495
2347 229496
2348 229497
2349 229498
2350 229499
2351 229500
2352 229501
2353 229502
2354 229503
2355 229504
2356 229505
2357 229506
2358 229507
2359 229508
2360 229509
2361 229510
2362 229511
2363 229512
2364 229513
2365 229514
2366 229515
2367 229516
2368 229517
2369 229518
2370 229519
2371 229520
2372 229521
2373 229522
2374 229523
2375 229524
2376 229525
2377 229526
2378 229527
2379 229528
2380 229529
2381 229530
2382 229531
2383 229532
2384 229533
2385 229534
2386 229535
2387 229536
2388 229537
2389 229538
2390 229539
2391 229540
2392 229541
2393 229542
2394 229543
2395 229544
2396 229545
2397 229546
2398 229547
2399 229548
2400 229549
2401 229550
2402 229919
2403 229921
2404 229922
2405 229923
2406 229924
2407 229925
2408 229926
2409 229927
2410 229928
2411 229929
2412 229930
2413 229934
2414 229935
2415 229936
2416 229937
2417 229938
2418 229939
2419 229940
2420 229941
2421 229942
2422 229943
2423 229944
2424 229945
2425 229946
2426 229947
2427 229948
2428 229949
2429 229950
2430 229951
2431 229952
2432 229953
2433 229954
2434 229955
2435 229956
2436 229957
2437 229958
2438 229959
2439 229960
2440 229961
2441 229962
2442 229963
2443 229964
2444 229965
2445 229966
2446 229967
2447 229968
2448 229969
2449 229970
2450 229971
2451 229972
2452 229973
2453 229974
2454 229975
2455 229976
2456 229977
2457 229978
2458 229979
2459 229980
2460 229981
2461 229982
2462 229983
2463 229984
2464 229985
2465 229986
2466 229987
2467 229988
2468 229989
2469 229990
2470 229991
2471 229992
2472 229993
2473 229994
2474 230490
2475 230491
2476 230492
2477 230493
2478 230494
2479 230495
2480 230496
2481 230497
2482 230498
2483 230499
2484 230500
2485 230501
2486 230502
2487 230503
2488 230504
2489 230505
2490 230506
2491 230507
2492 230508
2493 230509
2494 230510
2495 230511
2496 230512
2497 230513
2498 230514
2499 230515
2500 230516
2501 230517
2502 230518
2503 230519
2504 230520
2505 230521
2506 230522
2507 230523
2508 230524
2509 230525
2510 230526
2511 230527
2512 230528
2513 230529
2514 230530
2515 230531
2516 230532
2517 230533
2518 230534
2519 230535
2520 230536
2521 230537
2522 230538
2523 230539
2524 230540
2525 230541
2526 230542
2527 230543
2528 230544
2529 230545
2530 230546
2531 230547
2532 230548
2533 230549
2534 230550
2535 230551
2536 230552
2537 230553
2538 230554
2539 230555
2540 230556
2541 230557
2542 230950
2543 230951
2544 230952
2545 230953
2546 230954
2547 230955
2548 230956
2549 230957
2550 230958
2551 230959
2552 230960
2553 230961
2554 230962
2555 230963
2556 230964
2557 230965
2558 230966
2559 230967
2560 230968
2561 230969
2562 230970
2563 230971
2564 230972
2565 230973
2566 230974
2567 230975
2568 230976
2569 230977
2570 230978
2571 230979
2572 230980
2573 230981
2574 230982
2575 230983
2576 230984
2577 230985
2578 230986
2579 230987
2580 230988
2581 230989
2582 230990
2583 230991
2584 230992
2585 230993
2586 230994
2587 230995
2588 230996
2589 230997
2590 230998
2591 230999
2592 231000
2593 231001
2594 231002
2595 231003
2596 231004
2597 231005
2598 231006
2599 231007
2600 231008
2601 231009
2602 231010
2603 231011
2604 231012
2605 231508
2606 231509
2607 231510
2608 231511
2609 231512
2610 231513
2611 231514
2612 231515
2613 231516
2614 231517
2615 231518
2616 231519
2617 231520
2618 231521
2619 231522
2620 231523
2621 231524
2622 231525
2623 231526
2624 231527
2625 231528
2626 231529
2627 231530
2628 231531
2629 231532
2630 231533
2631 231534
2632 231535
2633 231536
2634 231537
2635 231538
2636 231539
2637 231540
2638 231541
2639 231542
2640 231543
2641 231544
2642 231545
2643 231546
2644 231547
2645 231548
2646 231549
2647 231550
2648 231551
2649 231552
2650 231553
2651 231554
2652 231555
2653 231556
2654 231557
2655 231558
2656 231559
2657 231560
2658 231561
2659 231562
2660 231563
2661 231564
2662 231565
2663 231566
2664 231567
2665 231568
2666 231569
2667 231570
2668 231571
2669 231572
2670 231573
2671 231574
2672 231575
2673 231576
2674 231577
2675 232007
2676 232008
2677 232009
2678 232010
2679 232011
2680 232012
2681 232013
2682 232014
2683 232015
2684 232016
2685 232017
2686 232018
2687 232019
2688 232020
2689 232021
2690 232022
2691 232023
2692 232024
2693 232025
2694 232026
2695 232027
2696 232028
2697 232029
2698 232030
2699 232031
2700 232032
2701 232033
2702 232034
2703 232035
2704 232036
2705 232037
2706 232038
2707 232039
2708 232040
2709 232041
2710 232042
2711 232043
2712 232044
2713 232045
2714 232046
2715 232047
2716 232048
2717 232049
2718 232050
2719 232051
2720 232052
2721 232053
2722 232054
2723 232055
2724 232056
2725 232057
2726 232058
2727 232059
2728 232060
2729 232061
2730 232062
2731 232063
2732 232064
2733 232065
2734 232066
2735 232067
2736 232068
2737 232069
2738 232070
2739 232071
2740 232072
2741 232073
2742 232565
2743 232566
2744 232567
2745 232568
2746 232569
2747 232570
2748 232571
2749 232572
2750 232573
2751 232574
2752 232575
2753 232576
2754 232577
2755 232578
2756 232579
2757 232580
2758 232581
2759 232582
2760 232583
2761 232584
2762 232585
2763 232586
2764 232587
2765 232588
2766 232589
2767 232590
2768 232591
2769 232592
2770 232593
2771 232594
2772 232595
2773 232596
2774 232597
2775 232598
2776 232599
2777 232600
2778 232601
2779 232602
2780 232603
2781 232604
2782 232605
2783 232606
2784 232607
2785 232608
2786 232609
2787 232610
2788 232611
2789 232612
2790 232613
2791 232614
2792 232615
2793 232616
2794 232617
2795 232618
2796 232619
2797 232620
2798 232621
2799 232622
2800 232623
2801 232624
2802 232625
2803 232626
2804 232627
2805 232628
2806 232629
2807 232630
2808 232631
2809 232632
2810 233055
2811 233056
2812 233057
2813 233058
2814 233059
2815 233060
2816 233061
2817 233063
2818 233064
2819 233065
2820 233066
2821 233067
2822 233068
2823 233069
2824 233070
2825 233071
2826 233072
2827 233073
2828 233074
2829 233075
2830 233076
2831 233077
2832 233078
2833 233079
2834 233080
2835 233081
2836 233082
2837 233083
2838 233084
2839 233085
2840 233086
2841 233087
2842 233088
2843 233089
2844 233090
2845 233091
2846 233092
2847 233093
2848 233094
2849 233095
2850 233096
2851 233097
2852 233098
2853 233099
2854 233100
2855 233101
2856 233102
2857 233103
2858 233104
2859 233105
2860 233106
2861 233107
2862 233108
2863 233109
2864 233110
2865 233111
2866 233112
2867 233113
2868 233114
2869 233115
2870 233116
2871 233117
2872 233118
2873 233119
2874 233120
2875 233121
2876 233616
2877 233617
2878 233618
2879 233619
2880 233620
2881 233621
2882 233622
2883 233623
2884 233624
2885 233625
2886 233626
2887 233627
2888 233628
2889 233629
2890 233630
2891 233631
2892 233632
2893 233633
2894 233634
2895 233635
2896 233636
2897 233637
2898 233638
2899 233639
2900 233640
2901 233641
2902 233642
2903 233643
2904 233644
2905 233645
2906 233646
2907 233647
2908 233648
2909 233649
2910 233650
2911 233651
2912 233652
2913 233653
2914 233654
2915 233655
2916 233656
2917 233657
2918 233658
2919 233659
2920 233660
2921 233661
2922 233662
2923 233663
2924 233664
2925 233665
2926 233666
2927 233667
2928 233668
2929 233669
2930 233670
2931 233671
2932 233672
2933 233673
2934 233674
2935 233675
2936 233676
2937 233677
2938 233678
2939 233679
2940 233680
2941 233681
2942 233682
2943 233683
2944 234097
2945 234098
2946 234099
2947 234100
2948 234101
2949 234102
2950 234103
2951 234104
2952 234105
2953 234106
2954 234107
2955 234108
2956 234109
2957 234110
2958 234111
2959 234112
2960 234113
2961 234114
2962 234115
2963 234116
2964 234117
2965 234118
2966 234119
2967 234120
2968 234121
2969 234122
2970 234123
2971 234124
2972 234125
2973 234126
2974 234127
2975 234128
2976 234129
2977 234130
2978 234131
2979 234132
2980 234133
2981 234134
2982 234135
2983 234136
2984 234137
2985 234138
2986 234139
2987 234140
2988 234141
2989 234142
2990 234143
2991 234144
2992 234145
2993 234146
2994 234147
2995 234148
2996 234149
2997 234151
2998 234152
2999 234153
3000 234154
3001 234155
3002 234156
3003 234157
3004 234158
3005 234159
3006 234643
3007 234644
3008 234645
3009 234646
3010 234647
3011 234648
3012 234649
3013 234650
3014 234651
3015 234652
3016 234653
3017 234654
3018 234655
3019 234656
3020 234657
3021 234658
3022 234659
3023 234660
3024 234661
3025 234662
3026 234663
3027 234664
3028 234665
3029 234666
3030 234667
3031 234668
3032 234669
3033 234670
3034 234671
3035 234672
3036 234673
3037 234674
3038 234675
3039 234676
3040 234677
3041 234678
3042 234679
3043 234680
3044 234681
3045 234682
3046 234683
3047 234684
3048 234685
3049 234686
3050 234687
3051 234688
3052 234689
3053 234690
3054 234691
3055 234692
3056 234693
3057 234694
3058 234695
3059 234696
3060 234697
3061 234698
3062 234699
3063 234700
3064 234701
3065 234702
3066 234703
3067 234704
3068 234705
3069 234706
3070 234707
3071 234708
3072 235140
3073 235141
3074 235142
3075 235143
3076 235144
3077 235145
3078 235146
3079 235147
3080 235148
3081 235149
3082 235150
3083 235151
3084 235152
3085 235153
3086 235154
3087 235155
3088 235156
3089 235157
3090 235158
3091 235159
3092 235160
3093 235161
3094 235162
3095 235163
3096 235164
3097 235165
3098 235166
3099 235167
3100 235168
3101 235169
3102 235170
3103 235171
3104 235172
3105 235173
3106 235174
3107 235175
3108 235176
3109 235177
3110 235178
3111 235179
3112 235180
3113 235181
3114 235182
3115 235183
3116 235184
3117 235185
3118 235186
3119 235187
3120 235188
3121 235189
3122 235190
3123 235191
3124 235192
3125 235193
3126 235194
3127 235195
3128 235196
3129 235197
3130 235198
3131 235199
3132 235200
3133 235201
3134 235202
3135 235203
3136 235685
3137 235686
3138 235687
3139 235688
3140 235689
3141 235690
3142 235691
3143 235692
3144 235693
3145 235697
3146 235698
3147 235699
3148 235700
3149 235701
3150 235702
3151 235703
3152 235704
3153 235705
3154 235706
3155 235707
3156 235708
3157 235709
3158 235710
3159 235711
3160 235712
3161 235713
3162 235714
3163 235715
3164 235716
3165 235717
3166 235718
3167 235719
3168 235720
3169 235721
3170 235722
3171 235723
3172 235724
3173 235725
3174 235726
3175 235727
3176 235728
3177 235729
3178 235730
3179 235731
3180 235732
3181 235733
3182 235734
3183 235735
3184 235736
3185 235737
3186 235738
3187 235739
3188 235740
3189 235741
3190 235742
3191 235743
3192 235744
3193 235745
3194 235746
3195 235747
3196 235748
3197 235749
3198 236179
3199 236180
3200 236181
3201 236182
3202 236183
3203 236184
3204 236185
3205 236186
3206 236187
3207 236188
3208 236189
3209 236190
3210 236191
3211 236192
3212 236193
3213 236194
3214 236195
3215 236196
3216 236197
3217 236198
3218 236199
3219 236200
3220 236201
3221 236202
3222 236203
3223 236204
3224 236205
3225 236206
3226 236207
3227 236208
3228 236209
3229 236210
3230 236211
3231 236212
3232 236213
3233 236214
3234 236215
3235 236216
3236 236217
3237 236218
3238 236219
3239 236220
3240 236221
3241 236222
3242 236223
3243 236224
3244 236225
3245 236226
3246 236227
3247 236228
3248 236229
3249 236231
3250 236232
3251 236233
3252 236234
3253 236235
3254 236236
3255 236237
3256 236238
3257 236239
3258 236240
3259 236241
3260 236718
3261 236719
3262 236720
3263 236721
3264 236722
3265 236723
3266 236724
3267 236725
3268 236726
3269 236727
3270 236728
3271 236729
3272 236730
3273 236731
3274 236732
3275 236733
3276 236734
3277 236735
3278 236736
3279 236737
3280 236738
3281 236739
3282 236740
3283 236741
3284 236742
3285 236743
3286 236744
3287 236745
3288 236746
3289 236747
3290 236748
3291 236749
3292 236750
3293 236751
3294 236752
3295 236753
3296 236754
3297 236755
3298 236756
3299 236757
3300 236758
3301 236759
3302 236760
3303 236761
3304 236762
3305 236763
3306 236764
3307 236765
3308 236766
3309 236767
3310 236768
3311 236769
3312 236770
3313 236771
3314 236772
3315 236773
3316 236774
3317 236775
3318 236776
3319 236777
3320 236778
3321 236779
3322 236780
3323 236781
3324 236782
3325 237218
3326 237219
3327 237220
3328 237221
3329 237222
3330 237223
3331 237224
3332 237225
3333 237226
3334 237227
3335 237228
3336 237229
3337 237230
3338 237231
3339 237232
3340 237233
3341 237234
3342 237235
3343 237236
3344 237237
3345 237238
3346 237239
3347 237240
3348 237241
3349 237242
3350 237243
3351 237244
3352 237245
3353 237246
3354 237247
3355 237248
3356 237249
3357 237250
3358 237251
3359 237252
3360 237253
3361 237254
3362 237255
3363 237256
3364 237257
3365 237258
3366 237259
3367 237260
3368 237261
3369 237262
3370 237263
3371 237264
3372 237265
3373 237266
3374 237267
3375 237268
3376 237269
3377 237270
3378 237271
3379 237272
3380 237273
3381 237274
3382 237275
3383 237276
3384 237277
3385 237278
3386 237764
3387 237765
3388 237766
3389 237767
3390 237768
3391 237769
3392 237770
3393 237771
3394 237772
3395 237773
3396 237774
3397 237775
3398 237776
3399 237777
3400 237778
3401 237779
3402 237780
3403 237781
3404 237782
3405 237783
3406 237784
3407 237785
3408 237786
3409 237787
3410 237788
3411 237789
3412 237790
3413 237791
3414 237792
3415 237793
3416 237794
3417 237795
3418 237796
3419 237797
3420 237798
3421 237799
3422 237800
3423 237801
3424 237802
3425 237803
3426 237804
3427 237805
3428 237806
3429 237807
3430 237808
3431 237809
3432 237810
3433 237811
3434 237812
3435 237813
3436 237814
3437 237815
3438 237816
3439 237817
3440 237818
3441 237819
3442 237820
3443 237821
3444 237822
3445 237823
3446 237824
3447 237825
3448 237826
3449 237827
3450 237828
3451 237829
3452 238214
3453 238215
3454 238216
3455 238217
3456 238218
3457 238219
3458 238220
3459 238221
3460 238222
3461 238223
3462 238224
3463 238225
3464 238226
3465 238227
3466 238228
3467 238229
3468 238230
3469 238231
3470 238232
3471 238233
3472 238234
3473 238235
3474 238236
3475 238238
3476 238239
3477 238240
3478 238241
3479 238242
3480 238243
3481 238244
3482 238245
3483 238246
3484 238247
3485 238248
3486 238249
3487 238250
3488 238251
3489 238252
3490 238253
3491 238254
3492 238255
3493 238256
3494 238257
3495 238258
3496 238259
3497 238260
3498 238261
3499 238262
3500 238263
3501 238264
3502 238265
3503 238266
3504 238267
3505 238268
3506 238269
3507 238270
3508 238271
3509 238272
3510 238273
3511 238274
3512 238275
3513 238276
3514 238277
3515 238777
3516 238778
3517 238779
3518 238780
3519 238781
3520 238782
3521 238783
3522 238784
3523 238785
3524 238786
3525 238787
3526 238788
3527 238789
3528 238790
3529 238791
3530 238792
3531 238793
3532 238794
3533 238795
3534 238796
3535 238797
3536 238798
3537 238799
3538 238800
3539 238801
3540 238802
3541 238803
3542 238804
3543 238805
3544 238806
3545 238807
3546 238808
3547 238809
3548 238810
3549 238811
3550 238812
3551 238813
3552 238814
3553 238815
3554 238817
3555 238818
3556 238819
3557 238820
3558 238821
3559 238822
3560 238823
3561 238824
3562 238825
3563 238826
3564 238827
3565 238828
3566 238829
3567 238830
3568 238831
3569 238832
3570 238833
3571 238834
3572 238835
3573 238836
3574 238837
3575 238838
3576 238839
3577 239246
3578 239248
3579 239249
3580 239250
3581 239251
3582 239252
3583 239253
3584 239254
3585 239255
3586 239256
3587 239257
3588 239258
3589 239259
3590 239260
3591 239261
3592 239262
3593 239263
3594 239264
3595 239265
3596 239266
3597 239267
3598 239268
3599 239269
3600 239271
3601 239272
3602 239273
3603 239274
3604 239275
3605 239276
3606 239277
3607 239278
3608 239279
3609 239280
3610 239281
3611 239282
3612 239283
3613 239284
3614 239285
3615 239286
3616 239287
3617 239288
3618 239289
3619 239290
3620 239291
3621 239292
3622 239293
3623 239294
3624 239295
3625 239296
3626 239297
3627 239298
3628 239299
3629 239300
3630 239301
3631 239302
3632 239303
3633 239304
3634 239306
3635 239308
3636 239310
3637 239312
